exact_simulation_number_1, numerical_simulation_number_1
     0.50620471,      0.64527523
     0.65586946,      0.68928472
     0.66188771,      0.65222305
     0.61003216,      0.58612780
     0.53485984,      0.50906627
     0.45029340,      0.42776327
     0.36194216,      0.34479889
     0.27206607,      0.26117882
     0.18157563,      0.17729870
    0.090837678,     0.093315106
exact_simulation_number_2, numerical_simulation_number_2
    0.084365719,      0.10526641
     0.15984531,      0.18557015
     0.22727644,      0.25494818
     0.28741779,      0.31552994
     0.34095657,      0.36864257
     0.38851515,      0.41526076
     0.43065728,      0.45616012
     0.46789354,      0.49198543
     0.50068639,      0.52328683
     0.52945469,      0.55054135
     0.55457783,      0.57416713
     0.57639941,      0.59453340
     0.59523067,      0.61196792
     0.61135349,      0.62676277
     0.62502319,      0.63917898
     0.63647100,      0.64945036
     0.64590639,      0.65778667
     0.65351905,      0.66437639
     0.65948081,      0.66938904
     0.66394729,      0.67297726
     0.66705944,      0.67527854
     0.66894494,      0.67641683
     0.66971941,      0.67650396
     0.66948758,      0.67564079
     0.66834432,      0.67391842
     0.66637555,      0.67141907
     0.66365908,      0.66821704
     0.66026539,      0.66437943
     0.65625833,      0.65996690
     0.65169571,      0.65503425
     0.64662990,      0.64963104
     0.64110834,      0.64380208
     0.63517400,      0.63758786
     0.62886577,      0.63102504
     0.62221891,      0.62414674
     0.61526534,      0.61698294
     0.60803396,      0.60956075
     0.60055098,      0.60190469
     0.59284010,      0.59403697
     0.58492281,      0.58597765
     0.57681857,      0.57774492
     0.56854499,      0.56935520
     0.56011805,      0.56082338
     0.55155220,      0.55216292
     0.54286053,      0.54338602
     0.53405491,      0.53450369
     0.52514607,      0.52552592
     0.51614374,      0.51646175
     0.50705675,      0.50731936
     0.49789307,      0.49810615
     0.48865992,      0.48882881
     0.47936386,      0.47949343
     0.47001083,      0.47010549
     0.46060617,      0.46066995
     0.45115478,      0.45119133
     0.44166104,      0.44167370
     0.43212896,      0.43212074
     0.42256214,      0.42253579
     0.41296387,      0.41292189
     0.40333710,      0.40328176
     0.39368452,      0.39361789
     0.38400857,      0.38393251
     0.37431145,      0.37422767
     0.36459515,      0.36450520
     0.35486148,      0.35476676
     0.34511209,      0.34501387
     0.33534844,      0.33524789
     0.32557190,      0.32547006
     0.31578366,      0.31568149
     0.30598484,      0.30588321
     0.29617642,      0.29607612
     0.28635933,      0.28626106
     0.27653436,      0.27643879
     0.26670228,      0.26660997
     0.25686374,      0.25677524
     0.24701935,      0.24693515
     0.23716967,      0.23709021
     0.22731520,      0.22724087
     0.21745639,      0.21738755
     0.20759364,      0.20753063
     0.19772733,      0.19767044
     0.18785779,      0.18780730
     0.17798533,      0.17794147
     0.16811022,      0.16807323
     0.15823272,      0.15820279
     0.14835304,      0.14833036
     0.13847140,      0.13845613
     0.12858797,      0.12858027
     0.11870293,      0.11870293
     0.10881643,      0.10882425
    0.098928612,     0.098944366
    0.089039590,     0.089063382
    0.079149482,     0.079181406
    0.069258391,     0.069298529
    0.059366409,     0.059414838
    0.049473621,     0.049530409
    0.039580101,     0.039645312
    0.029685920,     0.029759610
    0.019791139,     0.019873359
   0.0098958155,    0.0099866128
exact_simulation_number_3, numerical_simulation_number_3
   0.0089413199,    0.0093968669
    0.017783831,     0.018499273
    0.026528515,     0.027456399
    0.035176344,     0.036285671
    0.043728282,     0.044996270
    0.052185281,     0.053594077
    0.060548286,     0.062083314
    0.068818230,     0.070467254
    0.076996039,     0.078748573
    0.085082628,     0.086929545
    0.093078904,     0.095012161
     0.10098577,      0.10299820
     0.10880410,      0.11088930
     0.11653479,      0.11868694
     0.12417870,      0.12639254
     0.13173670,      0.13400741
     0.13920965,      0.14153280
     0.14659838,      0.14896991
     0.15390373,      0.15631989
     0.16112654,      0.16358384
     0.16826762,      0.17076284
     0.17532778,      0.17785791
     0.18230784,      0.18487006
     0.18920858,      0.19180027
     0.19603080,      0.19864950
     0.20277527,      0.20541868
     0.20944277,      0.21210873
     0.21603406,      0.21872053
     0.22254991,      0.22525496
     0.22899105,      0.23171289
     0.23535824,      0.23809515
     0.24165221,      0.24440259
     0.24787368,      0.25063600
     0.25402338,      0.25679621
     0.26010203,      0.26288400
     0.26611031,      0.26890014
     0.27204895,      0.27484540
     0.27791862,      0.28072054
     0.28372002,      0.28652631
     0.28945381,      0.29226344
     0.29512069,      0.29793265
     0.30072130,      0.30353466
     0.30625631,      0.30907018
     0.31172638,      0.31453989
     0.31713213,      0.31994450
     0.32247423,      0.32528467
     0.32775329,      0.33056108
     0.33296995,      0.33577439
     0.33812482,      0.34092526
     0.34321852,      0.34601433
     0.34825166,      0.35104224
     0.35322484,      0.35600963
     0.35813865,      0.36091710
     0.36299369,      0.36576529
     0.36779054,      0.37055481
     0.37252977,      0.37528624
     0.37721197,      0.37996020
     0.38183770,      0.38457726
     0.38640751,      0.38913802
     0.39092197,      0.39364304
     0.39538162,      0.39809290
     0.39978702,      0.40248816
     0.40413869,      0.40682937
     0.40843718,      0.41111709
     0.41268301,      0.41535186
     0.41687670,      0.41953422
     0.42101878,      0.42366471
     0.42510975,      0.42774384
     0.42915013,      0.43177215
     0.43314042,      0.43575014
     0.43708111,      0.43967833
     0.44097270,      0.44355722
     0.44481568,      0.44738732
     0.44861052,      0.45116911
     0.45235772,      0.45490308
     0.45605774,      0.45858973
     0.45971105,      0.46222952
     0.46331811,      0.46582293
     0.46687939,      0.46937043
     0.47039534,      0.47287248
     0.47386641,      0.47632955
     0.47729304,      0.47974208
     0.48067569,      0.48311052
     0.48401478,      0.48643533
     0.48731074,      0.48971693
     0.49056402,      0.49295577
     0.49377503,      0.49615228
     0.49694419,      0.49930688
     0.50007191,      0.50241999
     0.50315862,      0.50549203
     0.50620471,      0.50852341
     0.50921060,      0.51151455
     0.51217668,      0.51446585
     0.51510334,      0.51737771
     0.51799098,      0.52025052
     0.52083999,      0.52308469
     0.52365074,      0.52588058
     0.52642363,      0.52863860
     0.52915902,      0.53135912
     0.53185730,      0.53404252
     0.53451882,      0.53668916
     0.53714396,      0.53929943
     0.53973307,      0.54187368
     0.54228651,      0.54441228
     0.54480465,      0.54691558
     0.54728782,      0.54938393
     0.54973638,      0.55181770
     0.55215067,      0.55421721
     0.55453103,      0.55658283
     0.55687780,      0.55891489
     0.55919131,      0.56121372
     0.56147190,      0.56347965
     0.56371989,      0.56571302
     0.56593560,      0.56791416
     0.56811935,      0.57008338
     0.57027147,      0.57222101
     0.57239227,      0.57432735
     0.57448206,      0.57640274
     0.57654114,      0.57844746
     0.57856982,      0.58046184
     0.58056841,      0.58244618
     0.58253720,      0.58440077
     0.58447650,      0.58632591
     0.58638658,      0.58822191
     0.58826775,      0.59008904
     0.59012029,      0.59192760
     0.59194449,      0.59373788
     0.59374062,      0.59552016
     0.59550897,      0.59727471
     0.59724981,      0.59900181
     0.59896341,      0.60070175
     0.60065005,      0.60237479
     0.60231000,      0.60402119
     0.60394352,      0.60564124
     0.60555087,      0.60723518
     0.60713231,      0.60880328
     0.60868810,      0.61034580
     0.61021850,      0.61186300
     0.61172375,      0.61335512
     0.61320411,      0.61482242
     0.61465983,      0.61626515
     0.61609115,      0.61768355
     0.61749831,      0.61907786
     0.61888155,      0.62044832
     0.62024111,      0.62179518
     0.62157723,      0.62311867
     0.62289013,      0.62441902
     0.62418006,      0.62569647
     0.62544723,      0.62695123
     0.62669188,      0.62818355
     0.62791423,      0.62939364
     0.62911449,      0.63058172
     0.63029290,      0.63174802
     0.63144966,      0.63289274
     0.63258499,      0.63401612
     0.63369911,      0.63511835
     0.63479222,      0.63619966
     0.63586454,      0.63726025
     0.63691627,      0.63830032
     0.63794761,      0.63932008
     0.63895877,      0.64031974
     0.63994995,      0.64129950
     0.64092135,      0.64225954
     0.64187316,      0.64320008
     0.64280558,      0.64412130
     0.64371881,      0.64502340
     0.64461302,      0.64590657
     0.64548842,      0.64677099
     0.64634518,      0.64761686
     0.64718350,      0.64844436
     0.64800356,      0.64925367
     0.64880553,      0.65004497
     0.64958960,      0.65081845
     0.65035595,      0.65157427
     0.65110475,      0.65231263
     0.65183618,      0.65303368
     0.65255041,      0.65373761
     0.65324761,      0.65442459
     0.65392794,      0.65509478
     0.65459159,      0.65574835
     0.65523871,      0.65638546
     0.65586946,      0.65700629
     0.65648402,      0.65761099
     0.65708253,      0.65819972
     0.65766517,      0.65877265
     0.65823209,      0.65932993
     0.65878344,      0.65987172
     0.65931938,      0.66039816
     0.65984006,      0.66090942
     0.66034564,      0.66140565
     0.66083626,      0.66188699
     0.66131208,      0.66235360
     0.66177324,      0.66280561
     0.66221988,      0.66324318
     0.66265215,      0.66366646
     0.66307020,      0.66407557
     0.66347416,      0.66447067
     0.66386417,      0.66485189
     0.66424038,      0.66521937
     0.66460292,      0.66557325
     0.66495192,      0.66591367
     0.66528753,      0.66624075
     0.66560987,      0.66655464
     0.66591907,      0.66685545
     0.66621528,      0.66714333
     0.66649860,      0.66741841
     0.66676919,      0.66768080
     0.66702715,      0.66793063
     0.66727262,      0.66816804
     0.66750572,      0.66839314
     0.66772657,      0.66860606
     0.66793529,      0.66880692
     0.66813201,      0.66899583
     0.66831685,      0.66917293
     0.66848992,      0.66933832
     0.66865134,      0.66949212
     0.66880122,      0.66963445
     0.66893969,      0.66976542
     0.66906684,      0.66988514
     0.66918281,      0.66999373
     0.66928769,      0.67009130
     0.66938160,      0.67017796
     0.66946465,      0.67025382
     0.66953694,      0.67031897
     0.66959858,      0.67037354
     0.66964968,      0.67041762
     0.66969034,      0.67045133
     0.66972067,      0.67047476
     0.66974076,      0.67048801
     0.66975073,      0.67049119
     0.66975067,      0.67048440
     0.66974067,      0.67046774
     0.66972085,      0.67044130
     0.66969130,      0.67040518
     0.66965210,      0.67035948
     0.66960337,      0.67030430
     0.66954520,      0.67023973
     0.66947767,      0.67016585
     0.66940088,      0.67008278
     0.66931493,      0.66999059
     0.66921990,      0.66988937
     0.66911588,      0.66977923
     0.66900297,      0.66966024
     0.66888125,      0.66953249
     0.66875081,      0.66939608
     0.66861174,      0.66925108
     0.66846412,      0.66909759
     0.66830804,      0.66893568
     0.66814358,      0.66876545
     0.66797083,      0.66858697
     0.66778986,      0.66840033
     0.66760076,      0.66820560
     0.66740361,      0.66800288
     0.66719849,      0.66779223
     0.66698548,      0.66757373
     0.66676466,      0.66734748
     0.66653610,      0.66711353
     0.66629989,      0.66687198
     0.66605609,      0.66662288
     0.66580479,      0.66636633
     0.66554605,      0.66610239
     0.66527996,      0.66583114
     0.66500658,      0.66555265
     0.66472599,      0.66526699
     0.66443825,      0.66497424
     0.66414345,      0.66467445
     0.66384165,      0.66436772
     0.66353292,      0.66405409
     0.66321733,      0.66373365
     0.66289494,      0.66340646
     0.66256583,      0.66307258
     0.66223007,      0.66273209
     0.66188771,      0.66238505
     0.66153882,      0.66203152
     0.66118347,      0.66167157
     0.66082172,      0.66130527
     0.66045364,      0.66093267
     0.66007929,      0.66055383
     0.65969873,      0.66016883
     0.65931202,      0.65977773
     0.65891923,      0.65938057
     0.65852041,      0.65897743
     0.65811562,      0.65856836
     0.65770493,      0.65815343
     0.65728839,      0.65773268
     0.65686607,      0.65730618
     0.65643801,      0.65687399
     0.65600427,      0.65643616
     0.65556492,      0.65599275
     0.65512000,      0.65554381
     0.65466958,      0.65508940
     0.65421371,      0.65462957
     0.65375243,      0.65416438
     0.65328581,      0.65369388
     0.65281390,      0.65321812
     0.65233675,      0.65273716
     0.65185442,      0.65225105
     0.65136695,      0.65175984
     0.65087439,      0.65126357
     0.65037680,      0.65076230
     0.64987423,      0.65025609
     0.64936672,      0.64974497
     0.64885433,      0.64922900
     0.64833710,      0.64870823
     0.64781508,      0.64818269
     0.64728833,      0.64765245
     0.64675687,      0.64711755
     0.64622077,      0.64657803
     0.64568007,      0.64603395
     0.64513482,      0.64548533
     0.64458505,      0.64493224
     0.64403082,      0.64437471
     0.64347217,      0.64381280
     0.64290914,      0.64324653
     0.64234178,      0.64267596
     0.64177013,      0.64210113
     0.64119423,      0.64152208
     0.64061413,      0.64093886
     0.64002986,      0.64035150
     0.63944147,      0.63976005
     0.63884900,      0.63916454
     0.63825249,      0.63856502
     0.63765198,      0.63796153
     0.63704751,      0.63735410
     0.63643911,      0.63674278
     0.63582684,      0.63612761
     0.63521072,      0.63550861
     0.63459079,      0.63488584
     0.63396710,      0.63425933
     0.63333968,      0.63362911
     0.63270856,      0.63299522
     0.63207379,      0.63235771
     0.63143540,      0.63171660
     0.63079342,      0.63107193
     0.63014789,      0.63042373
     0.62949885,      0.62977205
     0.62884634,      0.62911691
     0.62819038,      0.62845836
     0.62753101,      0.62779642
     0.62686826,      0.62713112
     0.62620218,      0.62646251
     0.62553278,      0.62579061
     0.62486011,      0.62511546
     0.62418419,      0.62443709
     0.62350506,      0.62375553
     0.62282276,      0.62307082
     0.62213731,      0.62238298
     0.62144874,      0.62169204
     0.62075708,      0.62099804
     0.62006237,      0.62030101
     0.61936464,      0.61960098
     0.61866391,      0.61889797
     0.61796022,      0.61819202
     0.61725359,      0.61748315
     0.61654406,      0.61677140
     0.61583164,      0.61605680
     0.61511639,      0.61533936
     0.61439831,      0.61461913
     0.61367744,      0.61389613
     0.61295380,      0.61317038
     0.61222743,      0.61244191
     0.61149835,      0.61171075
     0.61076658,      0.61097693
     0.61003216,      0.61024047
     0.60929512,      0.60950141
     0.60855546,      0.60875975
     0.60781323,      0.60801554
     0.60706845,      0.60726880
     0.60632114,      0.60651955
     0.60557133,      0.60576781
     0.60481904,      0.60501362
     0.60406430,      0.60425699
     0.60330714,      0.60349795
     0.60254757,      0.60273652
     0.60178562,      0.60197274
     0.60102131,      0.60120661
     0.60025468,      0.60043817
     0.59948573,      0.59966744
     0.59871449,      0.59889443
     0.59794100,      0.59811919
     0.59716526,      0.59734171
     0.59638730,      0.59656203
     0.59560715,      0.59578018
     0.59482482,      0.59499616
     0.59404034,      0.59421001
     0.59325372,      0.59342174
     0.59246500,      0.59263137
     0.59167418,      0.59183893
     0.59088130,      0.59104444
     0.59008637,      0.59024791
     0.58928941,      0.58944937
     0.58849044,      0.58864884
     0.58768949,      0.58784633
     0.58688656,      0.58704187
     0.58608169,      0.58623548
     0.58527489,      0.58542717
     0.58446617,      0.58461697
     0.58365557,      0.58380489
     0.58284310,      0.58299095
     0.58202877,      0.58217517
     0.58121260,      0.58135757
     0.58039462,      0.58053816
     0.57957484,      0.57971697
     0.57875328,      0.57889402
     0.57792996,      0.57806931
     0.57710489,      0.57724287
     0.57627809,      0.57641471
     0.57544958,      0.57558486
     0.57461937,      0.57475332
     0.57378749,      0.57392012
     0.57295395,      0.57308527
     0.57211876,      0.57224879
     0.57128195,      0.57141070
     0.57044352,      0.57057100
     0.56960350,      0.56972972
     0.56876190,      0.56888687
     0.56791873,      0.56804247
     0.56707402,      0.56719654
     0.56622777,      0.56634908
     0.56538000,      0.56550011
     0.56453073,      0.56464966
     0.56367998,      0.56379773
     0.56282775,      0.56294433
     0.56197406,      0.56208949
     0.56111893,      0.56123321
     0.56026236,      0.56037552
     0.55940439,      0.55951642
     0.55854501,      0.55865593
     0.55768424,      0.55779407
     0.55682210,      0.55693084
     0.55595860,      0.55606626
     0.55509376,      0.55520035
     0.55422758,      0.55433311
     0.55336008,      0.55346456
     0.55249127,      0.55259472
     0.55162117,      0.55172359
     0.55074979,      0.55085119
     0.54987714,      0.54997753
     0.54900324,      0.54910263
     0.54812809,      0.54822649
     0.54725171,      0.54734914
     0.54637412,      0.54647057
     0.54549531,      0.54559080
     0.54461532,      0.54470986
     0.54373414,      0.54382773
     0.54285179,      0.54294445
     0.54196828,      0.54206001
     0.54108362,      0.54117444
     0.54019783,      0.54028774
     0.53931091,      0.53939993
     0.53842288,      0.53851100
     0.53753374,      0.53762099
     0.53664352,      0.53672989
     0.53575221,      0.53583772
     0.53485984,      0.53494449
     0.53396640,      0.53405020
     0.53307191,      0.53315488
     0.53217639,      0.53225852
     0.53127984,      0.53136115
     0.53038227,      0.53046276
     0.52948369,      0.52956337
     0.52858412,      0.52866300
     0.52768355,      0.52776164
     0.52678201,      0.52685932
     0.52587950,      0.52595603
     0.52497603,      0.52505179
     0.52407162,      0.52414661
     0.52316626,      0.52324050
     0.52225997,      0.52233347
     0.52135276,      0.52142552
     0.52044464,      0.52051666
     0.51953562,      0.51960691
     0.51862570,      0.51869628
     0.51771490,      0.51778476
     0.51680322,      0.51687238
     0.51589068,      0.51595913
     0.51497727,      0.51504504
     0.51406301,      0.51413010
     0.51314792,      0.51321432
     0.51223199,      0.51229772
     0.51131523,      0.51138030
     0.51039766,      0.51046206
     0.50947927,      0.50954303
     0.50856009,      0.50862320
     0.50764011,      0.50770258
     0.50671935,      0.50678119
     0.50579781,      0.50585902
     0.50487550,      0.50493609
     0.50395243,      0.50401241
     0.50302861,      0.50308797
     0.50210404,      0.50216280
     0.50117873,      0.50123689
     0.50025269,      0.50031025
     0.49932592,      0.49938290
     0.49839843,      0.49845483
     0.49747024,      0.49752606
     0.49654134,      0.49659660
     0.49561174,      0.49566644
     0.49468146,      0.49473559
     0.49375049,      0.49380407
     0.49281885,      0.49287188
     0.49188653,      0.49193903
     0.49095356,      0.49100552
     0.49001993,      0.49007136
     0.48908565,      0.48913655
     0.48815073,      0.48820111
     0.48721517,      0.48726503
     0.48627898,      0.48632833
     0.48534216,      0.48539101
     0.48440473,      0.48445308
     0.48346669,      0.48351454
     0.48252804,      0.48257540
     0.48158879,      0.48163566
     0.48064895,      0.48069534
     0.47970852,      0.47975444
     0.47876751,      0.47881295
     0.47782593,      0.47787090
     0.47688377,      0.47692828
     0.47594105,      0.47598510
     0.47499777,      0.47504136
     0.47405393,      0.47409708
     0.47310955,      0.47315225
     0.47216463,      0.47220689
     0.47121917,      0.47126099
     0.47027317,      0.47031456
     0.46932665,      0.46936762
     0.46837961,      0.46842015
     0.46743206,      0.46747218
     0.46648399,      0.46652369
     0.46553542,      0.46557471
     0.46458634,      0.46462523
     0.46363677,      0.46367525
     0.46268671,      0.46272479
     0.46173616,      0.46177385
     0.46078513,      0.46082243
     0.45983363,      0.45987054
     0.45888165,      0.45891818
     0.45792921,      0.45796535
     0.45697630,      0.45701207
     0.45602294,      0.45605833
     0.45506912,      0.45510415
     0.45411486,      0.45414952
     0.45316015,      0.45319445
     0.45220500,      0.45223894
     0.45124941,      0.45128300
     0.45029340,      0.45032663
     0.44933695,      0.44936984
     0.44838009,      0.44841263
     0.44742281,      0.44745501
     0.44646511,      0.44649697
     0.44550700,      0.44553853
     0.44454849,      0.44457968
     0.44358957,      0.44362044
     0.44263025,      0.44266080
     0.44167055,      0.44170077
     0.44071045,      0.44074036
     0.43974996,      0.43977956
     0.43878910,      0.43881838
     0.43782785,      0.43785682
     0.43686623,      0.43689490
     0.43590424,      0.43593260
     0.43494188,      0.43496994
     0.43397916,      0.43400693
     0.43301607,      0.43304355
     0.43205263,      0.43207982
     0.43108884,      0.43111574
     0.43012470,      0.43015131
     0.42916021,      0.42918654
     0.42819538,      0.42822143
     0.42723021,      0.42725599
     0.42626470,      0.42629021
     0.42529887,      0.42532410
     0.42433270,      0.42435766
     0.42336620,      0.42339090
     0.42239939,      0.42242382
     0.42143225,      0.42145643
     0.42046480,      0.42048872
     0.41949704,      0.41952070
     0.41852896,      0.41855237
     0.41756058,      0.41758374
     0.41659189,      0.41661480
     0.41562291,      0.41564557
     0.41465362,      0.41467604
     0.41368404,      0.41370622
     0.41271417,      0.41273612
     0.41174401,      0.41176572
     0.41077356,      0.41079504
     0.40980283,      0.40982408
     0.40883182,      0.40885284
     0.40786053,      0.40788132
     0.40688897,      0.40690954
     0.40591713,      0.40593748
     0.40494503,      0.40496515
     0.40397265,      0.40399256
     0.40300002,      0.40301971
     0.40202712,      0.40204660
     0.40105396,      0.40107323
     0.40008055,      0.40009961
     0.39910688,      0.39912574
     0.39813296,      0.39815161
     0.39715879,      0.39717724
     0.39618438,      0.39620263
     0.39520972,      0.39522777
     0.39423482,      0.39425268
     0.39325968,      0.39327734
     0.39228430,      0.39230178
     0.39130869,      0.39132598
     0.39033285,      0.39034995
     0.38935678,      0.38937369
     0.38838048,      0.38839720
     0.38740395,      0.38742050
     0.38642721,      0.38644357
     0.38545024,      0.38546642
     0.38447305,      0.38448906
     0.38349565,      0.38351148
     0.38251803,      0.38253369
     0.38154020,      0.38155569
     0.38056216,      0.38057748
     0.37958391,      0.37959906
     0.37860546,      0.37862044
     0.37762680,      0.37764162
     0.37664794,      0.37666260
     0.37566889,      0.37568338
     0.37468963,      0.37470396
     0.37371018,      0.37372435
     0.37273053,      0.37274455
     0.37175069,      0.37176456
     0.37077066,      0.37078437
     0.36979045,      0.36980401
     0.36881005,      0.36882345
     0.36782946,      0.36784272
     0.36684869,      0.36686180
     0.36586774,      0.36588071
     0.36488661,      0.36489943
     0.36390530,      0.36391798
     0.36292382,      0.36293636
     0.36194216,      0.36195456
     0.36096034,      0.36097260
     0.35997834,      0.35999046
     0.35899617,      0.35900816
     0.35801384,      0.35802569
     0.35703134,      0.35704306
     0.35604868,      0.35606027
     0.35506585,      0.35507732
     0.35408287,      0.35409420
     0.35309973,      0.35311093
     0.35211643,      0.35212751
     0.35113297,      0.35114393
     0.35014936,      0.35016019
     0.34916560,      0.34917631
     0.34818168,      0.34819227
     0.34719762,      0.34720809
     0.34621341,      0.34622376
     0.34522905,      0.34523929
     0.34424455,      0.34425467
     0.34325990,      0.34326991
     0.34227511,      0.34228501
     0.34129018,      0.34129996
     0.34030511,      0.34031478
     0.33931991,      0.33932947
     0.33833456,      0.33834402
     0.33734908,      0.33735843
     0.33636347,      0.33637271
     0.33537773,      0.33538686
     0.33439185,      0.33440088
     0.33340584,      0.33341477
     0.33241971,      0.33242853
     0.33143344,      0.33144217
     0.33044705,      0.33045568
     0.32946054,      0.32946906
     0.32847390,      0.32848233
     0.32748714,      0.32749547
     0.32650026,      0.32650849
     0.32551326,      0.32552140
     0.32452614,      0.32453418
     0.32353890,      0.32354685
     0.32255155,      0.32255941
     0.32156408,      0.32157185
     0.32057649,      0.32058417
     0.31958879,      0.31959639
     0.31860099,      0.31860849
     0.31761307,      0.31762049
     0.31662504,      0.31663237
     0.31563690,      0.31564415
     0.31464865,      0.31465582
     0.31366030,      0.31366738
     0.31267184,      0.31267884
     0.31168328,      0.31169020
     0.31069462,      0.31070145
     0.30970585,      0.30971261
     0.30871698,      0.30872366
     0.30772801,      0.30773461
     0.30673894,      0.30674547
     0.30574978,      0.30575623
     0.30476051,      0.30476689
     0.30377115,      0.30377745
     0.30278170,      0.30278792
     0.30179215,      0.30179830
     0.30080250,      0.30080858
     0.29981277,      0.29981878
     0.29882294,      0.29882888
     0.29783302,      0.29783889
     0.29684301,      0.29684881
     0.29585292,      0.29585865
     0.29486273,      0.29486840
     0.29387246,      0.29387806
     0.29288210,      0.29288763
     0.29189166,      0.29189712
     0.29090113,      0.29090653
     0.28991051,      0.28991585
     0.28891982,      0.28892509
     0.28792904,      0.28793425
     0.28693818,      0.28694333
     0.28594724,      0.28595233
     0.28495622,      0.28496125
     0.28396513,      0.28397010
     0.28297395,      0.28297886
     0.28198270,      0.28198755
     0.28099137,      0.28099616
     0.27999996,      0.28000470
     0.27900848,      0.27901316
     0.27801692,      0.27802155
     0.27702530,      0.27702987
     0.27603359,      0.27603811
     0.27504182,      0.27504628
     0.27404998,      0.27405439
     0.27305806,      0.27306242
     0.27206607,      0.27207038
     0.27107402,      0.27107827
     0.27008190,      0.27008610
     0.26908970,      0.26909386
     0.26809745,      0.26810155
     0.26710512,      0.26710917
     0.26611273,      0.26611674
     0.26512027,      0.26512423
     0.26412775,      0.26413166
     0.26313517,      0.26313903
     0.26214252,      0.26214634
     0.26114981,      0.26115358
     0.26015703,      0.26016076
     0.25916420,      0.25916788
     0.25817130,      0.25817494
     0.25717835,      0.25718194
     0.25618533,      0.25618888
     0.25519226,      0.25519577
     0.25419913,      0.25420259
     0.25320594,      0.25320936
     0.25221269,      0.25221607
     0.25121938,      0.25122273
     0.25022602,      0.25022932
     0.24923261,      0.24923587
     0.24823913,      0.24824236
     0.24724561,      0.24724879
     0.24625203,      0.24625517
     0.24525840,      0.24526150
     0.24426471,      0.24426778
     0.24327097,      0.24327400
     0.24227718,      0.24228018
     0.24128334,      0.24128630
     0.24028944,      0.24029237
     0.23929550,      0.23929839
     0.23830151,      0.23830436
     0.23730747,      0.23731029
     0.23631338,      0.23631616
     0.23531924,      0.23532199
     0.23432505,      0.23432777
     0.23333081,      0.23333350
     0.23233653,      0.23233919
     0.23134220,      0.23134483
     0.23034783,      0.23035042
     0.22935341,      0.22935597
     0.22835895,      0.22836148
     0.22736444,      0.22736694
     0.22636988,      0.22637235
     0.22537529,      0.22537773
     0.22438064,      0.22438306
     0.22338596,      0.22338835
     0.22239123,      0.22239359
     0.22139647,      0.22139879
     0.22040166,      0.22040396
     0.21940681,      0.21940908
     0.21841191,      0.21841416
     0.21741698,      0.21741920
     0.21642201,      0.21642420
     0.21542700,      0.21542917
     0.21443195,      0.21443409
     0.21343686,      0.21343897
     0.21244173,      0.21244382
     0.21144656,      0.21144863
     0.21045136,      0.21045340
     0.20945612,      0.20945814
     0.20846084,      0.20846284
     0.20746553,      0.20746750
     0.20647018,      0.20647212
     0.20547479,      0.20547672
     0.20447937,      0.20448127
     0.20348391,      0.20348579
     0.20248842,      0.20249028
     0.20149289,      0.20149473
     0.20049733,      0.20049915
     0.19950174,      0.19950353
     0.19850611,      0.19850788
     0.19751045,      0.19751220
     0.19651475,      0.19651649
     0.19551903,      0.19552074
     0.19452327,      0.19452497
     0.19352748,      0.19352916
     0.19253166,      0.19253332
     0.19153581,      0.19153745
     0.19053992,      0.19054155
     0.18954401,      0.18954561
     0.18854806,      0.18854965
     0.18755209,      0.18755366
     0.18655609,      0.18655764
     0.18556005,      0.18556159
     0.18456399,      0.18456551
     0.18356790,      0.18356940
     0.18257178,      0.18257327
     0.18157563,      0.18157710
     0.18057946,      0.18058091
     0.17958326,      0.17958469
     0.17858703,      0.17858845
     0.17759077,      0.17759218
     0.17659448,      0.17659588
     0.17559817,      0.17559955
     0.17460184,      0.17460320
     0.17360547,      0.17360682
     0.17260908,      0.17261042
     0.17161267,      0.17161399
     0.17061623,      0.17061754
     0.16961976,      0.16962106
     0.16862327,      0.16862456
     0.16762676,      0.16762803
     0.16663022,      0.16663148
     0.16563366,      0.16563491
     0.16463707,      0.16463831
     0.16364046,      0.16364169
     0.16264383,      0.16264504
     0.16164718,      0.16164837
     0.16065050,      0.16065168
     0.15965379,      0.15965497
     0.15865707,      0.15865824
     0.15766032,      0.15766148
     0.15666356,      0.15666470
     0.15566677,      0.15566790
     0.15466996,      0.15467108
     0.15367312,      0.15367424
     0.15267627,      0.15267737
     0.15167939,      0.15168049
     0.15068250,      0.15068358
     0.14968558,      0.14968666
     0.14868865,      0.14868971
     0.14769169,      0.14769275
     0.14669471,      0.14669576
     0.14569772,      0.14569876
     0.14470070,      0.14470173
     0.14370367,      0.14370469
     0.14270662,      0.14270763
     0.14170954,      0.14171055
     0.14071245,      0.14071345
     0.13971534,      0.13971633
     0.13871821,      0.13871920
     0.13772107,      0.13772204
     0.13672390,      0.13672487
     0.13572672,      0.13572768
     0.13472952,      0.13473048
     0.13373230,      0.13373325
     0.13273507,      0.13273601
     0.13173782,      0.13173875
     0.13074055,      0.13074148
     0.12974326,      0.12974419
     0.12874596,      0.12874688
     0.12774864,      0.12774956
     0.12675131,      0.12675222
     0.12575396,      0.12575486
     0.12475659,      0.12475749
     0.12375921,      0.12376010
     0.12276181,      0.12276270
     0.12176440,      0.12176528
     0.12076697,      0.12076785
     0.11976952,      0.11977040
     0.11877207,      0.11877293
     0.11777459,      0.11777546
     0.11677710,      0.11677796
     0.11577960,      0.11578045
     0.11478208,      0.11478293
     0.11378455,      0.11378540
     0.11278700,      0.11278785
     0.11178944,      0.11179028
     0.11079187,      0.11079271
     0.10979428,      0.10979512
     0.10879668,      0.10879751
     0.10779907,      0.10779989
     0.10680144,      0.10680226
     0.10580380,      0.10580462
     0.10480614,      0.10480696
     0.10380847,      0.10380929
     0.10281079,      0.10281161
     0.10181310,      0.10181391
     0.10081540,      0.10081620
    0.099817678,     0.099818484
    0.098819948,     0.098820752
    0.097822205,     0.097823008
    0.096824451,     0.096825251
    0.095826685,     0.095827483
    0.094828906,     0.094829703
    0.093831117,     0.093831912
    0.092833315,     0.092834109
    0.091835502,     0.091836295
    0.090837678,     0.090838469
    0.089839842,     0.089840633
    0.088841996,     0.088842785
    0.087844138,     0.087844926
    0.086846270,     0.086847057
    0.085848390,     0.085849177
    0.084850500,     0.084851286
    0.083852599,     0.083853385
    0.082854688,     0.082855473
    0.081856767,     0.081857551
    0.080858835,     0.080859619
    0.079860893,     0.079861677
    0.078862941,     0.078863725
    0.077864979,     0.077865763
    0.076867007,     0.076867791
    0.075869025,     0.075869809
    0.074871034,     0.074871818
    0.073873033,     0.073873817
    0.072875022,     0.072875807
    0.071877002,     0.071877788
    0.070878973,     0.070879759
    0.069880935,     0.069881721
    0.068882887,     0.068883675
    0.067884831,     0.067885619
    0.066886765,     0.066887554
    0.065888691,     0.065889481
    0.064890608,     0.064891399
    0.063892516,     0.063893308
    0.062894416,     0.062895209
    0.061896307,     0.061897102
    0.060898190,     0.060898986
    0.059900064,     0.059900862
    0.058901930,     0.058902729
    0.057903788,     0.057904589
    0.056905638,     0.056906441
    0.055907480,     0.055908284
    0.054909314,     0.054910120
    0.053911140,     0.053911948
    0.052912959,     0.052913768
    0.051914769,     0.051915581
    0.050916572,     0.050917386
    0.049918368,     0.049919184
    0.048920156,     0.048920974
    0.047921936,     0.047922757
    0.046923710,     0.046924532
    0.045925476,     0.045926301
    0.044927235,     0.044928062
    0.043928986,     0.043929816
    0.042930731,     0.042931564
    0.041932469,     0.041933304
    0.040934200,     0.040935038
    0.039935924,     0.039936765
    0.038937641,     0.038938485
    0.037939352,     0.037940198
    0.036941056,     0.036941905
    0.035942753,     0.035943606
    0.034944444,     0.034945300
    0.033946129,     0.033946987
    0.032947807,     0.032948669
    0.031949479,     0.031950344
    0.030951145,     0.030952013
    0.029952804,     0.029953676
    0.028954457,     0.028955332
    0.027956105,     0.027956983
    0.026957746,     0.026958628
    0.025959381,     0.025960267
    0.024961011,     0.024961900
    0.023962635,     0.023963527
    0.022964253,     0.022965149
    0.021965865,     0.021966765
    0.020967471,     0.020968375
    0.019969072,     0.019969980
    0.018970668,     0.018971580
    0.017972258,     0.017973173
    0.016973842,     0.016974762
    0.015975421,     0.015976345
    0.014976995,     0.014977923
    0.013978564,     0.013979496
    0.012980127,     0.012981064
    0.011981686,     0.011982626
    0.010983239,     0.010984183
   0.0099847867,    0.0099857359
   0.0089863298,    0.0089872833
   0.0079878679,    0.0079888258
   0.0069894010,    0.0069903635
   0.0059909294,    0.0059918964
   0.0049924529,    0.0049934244
   0.0039939717,    0.0039949478
   0.0029954857,    0.0029964665
   0.0019969951,    0.0019979805
  0.00099849983,   0.00099949001
