step size,relative error
           0.25,-0.7086358
          0.125,-0.97029912
         0.0625,-1.250778
        0.03125,-1.5413298
       0.015625,-1.8370731
      0.0078125,-2.1354483
     0.00390625,-2.4351482
    0.001953125,-2.7355124
   0.0009765625,-3.0362094
  0.00048828125,-3.3370728
  0.00024414062,-3.6380195
  0.00012207031,-3.9390079
  6.1035156e-05,-4.240017
  3.0517578e-05,-4.5410366
  1.5258789e-05,-4.8420615
  7.6293945e-06,-5.1430888
  3.8146973e-06,-5.4441192
  1.9073486e-06,-5.7451527
  9.5367432e-07,-6.0461476
  4.7683716e-07,-6.3474026
  2.3841858e-07,-6.6488828
  1.1920929e-07,-6.9481145
  5.9604645e-08,-7.24557
  2.9802322e-08,-7.5837418
  1.4901161e-08,-7.8267799
  7.4505806e-09,-7.8267799
  3.7252903e-09,-7.8267799
  1.8626451e-09,-7.5257499
  9.3132257e-10,-7.2247199
  4.6566129e-10,-6.9236899
  2.3283064e-10,-6.6226599
  1.1641532e-10,-6.3216299
  5.8207661e-11,-6.0205999
   2.910383e-11,-5.7195699
  1.4551915e-11,-5.4185399
  7.2759576e-12,-5.1175099
  3.6379788e-12,-4.8164799
  1.8189894e-12,-4.5154499
   9.094947e-13,-4.2144199
  4.5474735e-13,-3.9133899
  2.2737368e-13,-3.6123599
  1.1368684e-13,-3.31133
  5.6843419e-14,-3.0103
  2.8421709e-14,-2.70927
  1.4210855e-14,-2.40824
  7.1054274e-15,-2.10721
  3.5527137e-15,-1.80618
  1.7763568e-15,-1.50515
  8.8817842e-16,-1.20412
  4.4408921e-16,-0.90308999
