sun 	1	0.002244561692724	0.00570777936569	-0.001893809554262	0.002015401336588	Sun 
earth	3E-06	0.942184960440255	0.340480174993716	-2.21025978534381	5.89933762293368	Earth
jupiter	0.00095	-4.60051162865486	-2.89703697044052	1.43667857930552	-2.20129916785752	Jupiter
mars	3.3E-07	-1.54546866673091	0.620051605181488	-1.69598763376517	-4.31199068148877	Mars
venus	2.45E-06	-0.600828660623869	0.394401883278202	-4.03416950389309	-6.2440817218469	Venus
saturn	0.000275	-0.373808807105888	-10.0483457022674	1.92414430483117	-0.08218735258425	Saturn
mercury	1.65E-07	-0.371416469854018	-0.205909161582452	2.94708800254162	-8.48964317024071	Mercury
uranus	4.4E-05	17.8667133696774	8.796447324286	-0.64504965077145	1.22186301318555	Uranus
neptune	5.15E-05	28.6102221523055	-8.8334147229035	0.330454692195051	1.10227698129826	Neptune
pluto	6.55E-09	10.5348500371964	-31.7139058730461	1.11516289378551	0.125807311981825	Pluto
