simulation_number_2
0.08436571908688639
0.1598453104594062
0.2272764361402461
0.2874177948863368
0.3409565657605679
0.3885151500258390
0.4306572775059753
0.4678935373228382
0.5006863872715379
0.5294546909805786
0.5545778273708888
0.5763994127315190
0.5952306719291851
0.6113534918264978
0.6250231868658764
0.6364710039522103
0.6459063912096021
0.6535190528708980
0.6594808104604679
0.6639472885302466
0.6670594414877434
0.6689449364956861
0.6697194060108879
0.6694875822509602
0.6683443247190926
0.6663755508679130
0.6636590790331496
0.6602653919070858
0.6562583280422322
0.6516957081695300
0.6466299024758827
0.6411083444065557
0.6351739960333455
0.6288657695542317
0.6222189090598349
0.6152653363121767
0.6080339639281709
0.6005509790404763
0.5928401002187054
0.5849228101716274
0.5768185665134080
0.5685449926617042
0.5601180507405065
0.5515521981840806
0.5428605295784397
0.5340549051319512
0.5251460670355005
0.5161437448538176
0.5070567509819575
0.4978930671034538
0.4886599224983877
0.4793638649696471
0.4700108250832325
0.4606061743528697
0.4511547779397765
0.4416610423846203
0.4321289588399615
0.4225621422273370
0.4129638667031508
0.4033370977813298
0.3936845214278945
0.3840085704128952
0.3743114481782488
0.3645951504556446
0.3548614848466096
0.3451120885568363
0.3353484444587604
0.3255718956399790
0.3157836585802452
0.3059848350863160
0.2961764231017465
0.2863593264976849
0.2765343639407278
0.2667022769248335
0.2568637370460982
0.2470193525917660
0.2371696745081182
0.2273152018057902
0.2174563864555517
0.2075936378225784
0.1977273266827219
0.1878577888601812
0.1779853285222640
0.1681102211635641
0.1582327163088295
0.1483530399610442
0.1384713968187361
0.1285879722842683
0.1187029342828167
0.1088164349098791
0.09892861192347935
0.08903959009570787
0.07914948243685685
0.06925839130416056
0.05936640940602001
0.04947362071156199
0.03958010127445757
0.02968591997908270
0.01979113921634109
0.009895815495779304

