simulation_number_3
0.008941245587442703
0.01778368291776727
0.02652829417228038
0.03517605176913587
0.04372791846038309
0.05218484742805073
0.06054778237927540
0.06881765764048471
0.07699539825064408
0.08508192005357668
0.09307812978936565
0.1009849251848478
0.1088031950432079
0.1165338193326820
0.1241776692743794
0.1317356074292313
0.1392084877840760
0.1465971558368867
0.1539024486811540
0.1611251950894288
0.1682662155960338
0.1753263225789550
0.1823063203409169
0.1892070051896535
0.1960291655173804
0.2027735818794773
0.2094410270723883
0.2160322662107478
0.2225480568037400
0.2289891488306992
0.2353562848159579
0.2416501999029526
0.2478716219275913
0.2540212714908923
0.2600998620309014
0.2661080998938936
0.2720466844048671
0.2779163079373370
0.2837176559824349
0.2894514072173216
0.2951182335729198
0.3007188003009737
0.3062537660404419
0.3117237828832300
0.3171294964392707
0.3224715459009557
0.3277505641069283
0.3329671776052414
0.3381220067158874
0.3432156655927072
0.3482487622846832
0.3532218987966231
0.3581356711492413
0.3629906694386417
0.3677874778952105
0.3725266749419229
0.3772088332520700
0.3818345198064129
0.3864042959497676
0.3909187174470277
0.3953783345386310
0.3997836919954733
0.4041353291732777
0.4084337800664230
0.4126795733612365
0.4168732324887576
0.4210152756769772
0.4251062160025568
0.4291465614420348
0.4331368149225227
0.4370774743718977
0.4409690327684970
0.4448119781903171
0.4486067938637249
0.4523539582116837
0.4560539449015009
0.4597072228921001
0.4633142564808244
0.4668755053497731
0.4703914246116787
0.4738624648553277
0.4772890721905301
0.4806716882926411
0.4840107504466415
0.4873066915907787
0.4905599403597745
0.4937709211276035
0.4969400540498462
0.5000677551056208
0.5031544361390984
0.5062005049006054
0.5092063650873176
0.5121724163835497
0.5150990545006442
0.5179866712164638
0.5208356544144912
0.5236463881225404
0.5264192525510831
0.5291546241311941
0.5318528755521195
0.5345143757984718
0.5371394901870548
0.5397285804033221
0.5422820045374748
0.5448001171201984
0.5472832691580457
0.5497318081684678
0.5521460782144963
0.5545264199390818
0.5568731705990896
0.5591866640989592
0.5614672310240278
0.5637151986735234
0.5659308910932294
0.5681146291078245
0.5702667303529022
0.5723875093066704
0.5744772773213367
0.5765363426541823
0.5785650104983261
0.5805635830131829
0.5825323593546201
0.5844716357048130
0.5863817053018047
0.5882628584687710
0.5901153826429957
0.5919395624045566
0.5937356795047272
0.5955040128940955
0.5972448387504039
0.5989584305061120
0.6006450588756852
0.6023049918826128
0.6039384948861563
0.6055458306078334
0.6071272591576374
0.6086830380599966
0.6102134222794754
0.6117186642462205
0.6131990138811527
0.6146547186209108
0.6160860234425445
0.6174931708879645
0.6188764010881480
0.6202359517871041
0.6215720583656010
0.6228849538646571
0.6241748690087989
0.6254420322290875
0.6266866696859159
0.6279090052915812
0.6291092607326303
0.6302876554919845
0.6314444068708445
0.6325797300103772
0.6336938379131868
0.6347869414645735
0.6358592494535789
0.6369109685938242
0.6379423035441403
0.6389534569289929
0.6399446293587044
0.6409160194494758
0.6418678238432078
0.6428002372271270
0.6437134523532146
0.6446076600574446
0.6454830492788285
0.6463398070782721
0.6471781186572442
0.6479981673762598
0.6488001347731802
0.6495842005813300
0.6503505427474352
0.6510993374493822
0.6518307591138007
0.6525449804334718
0.6532421723845624
0.6539225042436894
0.6545861436048134
0.6552332563959650
0.6558640068958042
0.6564785577500162
0.6570770699875429
0.6576597030366546
0.6582266147408601
0.6587779613746605
0.6593138976591453
0.6598345767774336
0.6603401503899623
0.6608307686496214
0.6613065802167402
0.6617677322739232
0.6622143705407390
0.6626466392882640
0.6630646813534800
0.6634686381535299
0.6638586496998313
0.6642348546120498
0.6645973901319330
0.6649463921370080
0.6652819951541419
0.6656043323729675
0.6659135356591758
0.6662097355676766
0.6664930613556281
0.6667636409953366
0.6670216011870282
0.6672670673714942
0.6675001637426098
0.6677210132597285
0.6679297376599543
0.6681264574702905
0.6683112920196693
0.6684843594508600
0.6686457767322604
0.6687956596695700
0.6689341229173480
0.6690612799904554
0.6691772432753843
0.6692821240414742
0.6693760324520169
0.6694590775752501
0.6695313673952438
0.6695930088226760
0.6696441077055034
0.6696847688395249
0.6697150959788404
0.6697351918462049
0.6697451581432815
0.6697450955607905
0.6697351037885588
0.6697152815254686
0.6696857264893082
0.6696465354265245
0.6695978041218777
0.6695396274080012
0.6694720991748657
0.6693953123791500
0.6693093590535175
0.6692143303158020
0.6691103163781007
0.6689974065557778
0.6688756892763780
0.6687452520884519
0.6686061816702936
0.6684585638385907
0.6683024835569895
0.6681380249445741
0.6679652712842618
0.6677843050311147
0.6675952078205691
0.6673980604765823
0.6671929430196992
0.6669799346750387
0.6667591138801998
0.6665305582930904
0.6662943447996773
0.6660505495216597
0.6657992478240659
0.6655405143227754
0.6652744228919650
0.6650010466714821
0.6647204580741435
0.6644327287929629
0.6641379298083055
0.6638361313949727
0.6635274031292139
0.6632118138956722
0.6628894318942583
0.6625603246469570
0.6622245590045657
0.6618822011533665
0.6615333166217320
0.6611779702866643
0.6608162263802704
0.6604481484961723
0.6600737995958541
0.6596932420149454
0.6593065374694421
0.6589137470618666
0.6585149312873648
0.6581101500397446
0.6576994626174529
0.6572829277294938
0.6568606035012873
0.6564325474804711
0.6559988166426435
0.6555594673970492
0.6551145555922099
0.6546641365214975
0.6542082649286527
0.6537469950132480
0.6532803804360975
0.6528084743246118
0.6523313292781006
0.6518489973730218
0.6513615301681791
0.6508689787098674
0.6503713935369675
0.6498688246859894
0.6493613216960669
0.6488489336139008
0.6483317089986543
0.6478096959267993
0.6472829419969137
0.6467514943344334
0.6462153995963537
0.6456747039758868
0.6451294532070717
0.6445796925693383
0.6440254668920267
0.6434668205588605
0.6429037975123776
0.6423364412583141
0.6417647948699480
0.6411889009923963
0.6406088018468722
0.6400245392348982
0.6394361545424784
0.6388436887442283
0.6382471824074645
0.6376466756962536
0.6370422083754199
0.6364338198145149
0.6358215489917451
0.6352054344978636
0.6345855145400205
0.6339618269455765
0.6333344091658776
0.6327032982799933
0.6320685309984168
0.6314301436667289
0.6307881722692256
0.6301426524325087
0.6294936194290420
0.6288411081806710
0.6281851532621088
0.6275257889043862
0.6268630489982678
0.6261969670976351
0.6255275764228346
0.6248549098639935
0.6241789999843020
0.6234998790232632
0.6228175788999105
0.6221321312159936
0.6214435672591320
0.6207519180059373
0.6200572141251055
0.6193594859804773
0.6186587636340681
0.6179550768490689
0.6172484550928161
0.6165389275397329
0.6158265230742407
0.6151112702936413
0.6143931975109724
0.6136723327578316
0.6129487037871747
0.6122223380760857
0.6114932628285187
0.6107615049780131
0.6100270911903813
0.6092900478663704
0.6085504011442967
0.6078081769026543
0.6070634007626983
0.6063160980910010
0.6055662940019843
0.6048140133604255
0.6040592807839397
0.6033021206454358
0.6025425570755490
0.6017806139650499
0.6010163149672278
0.6002496835002521
0.5994807427495088
0.5987095156699150
0.5979360249882097
0.5971602932052218
0.5963823425981154
0.5956021952226139
0.5948198729152007
0.5940353972952981
0.5932487897674260
0.5924600715233369
0.5916692635441317
0.5908763866023536
0.5900814612640606
0.5892845078908786
0.5884855466420333
0.5876845974763621
0.5868816801543064
0.5860768142398829
0.5852700191026367
0.5844613139195742
0.5836507176770775
0.5828382491727984
0.5820239270175348
0.5812077696370888
0.5803897952741041
0.5795700219898881
0.5787484676662136
0.5779251500071036
0.5771000865405983
0.5762732946205043
0.5754447914281265
0.5746145939739833
0.5737827190995033
0.5729491834787072
0.5721140036198710
0.5712771958671738
0.5704387764023295
0.5695987612462009
0.5687571662603991
0.5679140071488664
0.5670692994594437
0.5662230585854220
0.5653752997670787
0.5645260380931987
0.5636752885025802
0.5628230657855257
0.5619693845853179
0.5611142593996813
0.5602577045822291
0.5593997343438953
0.5585403627543537
0.5576796037434215
0.5568174711024498
0.5559539784856997
0.5550891394117053
0.5542229672646226
0.5533554752955654
0.5524866766239278
0.5516165842386938
0.5507452109997328
0.5498725696390842
0.5489986727622267
0.5481235328493377
0.5472471622565379
0.5463695732171246
0.5454907778427932
0.5446107881248451
0.5437296159353850
0.5428472730285057
0.5419637710414609
0.5410791214958268
0.5401933357986520
0.5393064252435962
0.5384184010120565
0.5375292741742841
0.5366390556904889
0.5357477564119331
0.5348553870820145
0.5339619583373387
0.5330674807087804
0.5321719646225342
0.5312754204011559
0.5303778582645921
0.5294792883311999
0.5285797206187580
0.5276791650454649
0.5267776314309297
0.5258751294971521
0.5249716688694920
0.5240672590776310
0.5231619095565225
0.5222556296473346
0.5213484285983809
0.5204403155660449
0.5195312996156924
0.5186213897225774
0.5177105947727375
0.5167989235638804
0.5158863848062620
0.5149729871235564
0.5140587390537156
0.5131436490498220
0.5122277254809321
0.5113109766329117
0.5103934107092627
0.5094750358319422
0.5085558600421726
0.5076358913012443
0.5067151374913105
0.5057936064161733
0.5048713058020633
0.5039482432984097
0.5030244264786046
0.5020998628407585
0.5011745598084485
0.5002485247314594
0.4993217648865171
0.4983942874780146
0.4974660996387316
0.4965372084305459
0.4956076208451380
0.4946773438046896
0.4937463841625738
0.4928147487040392
0.4918824441468874
0.4909494771421429
0.4900158542747174
0.4890815820640667
0.4881466669648414
0.4872111153675312
0.4862749335991023
0.4853381279236294
0.4844007045429204
0.4834626695971356
0.4825240291654004
0.4815847892664120
0.4806449558590403
0.4797045348429219
0.4787635320590499
0.4778219532903559
0.4768798042622879
0.4759370906433812
0.4749938180458242
0.4740499920260191
0.4731056180851352
0.4721607016696593
0.4712152481719381
0.4702692629307174
0.4693227512316738
0.4683757183079435
0.4674281693406434
0.4664801094593887
0.4655315437428049
0.4645824772190347
0.4636329148662396
0.4626828616130966
0.4617323223392906
0.4607813018760009
0.4598298050063835
0.4588778364660487
0.4579254009435334
0.4569725030807691
0.4560191474735453
0.4550653386719681
0.4541110811809144
0.4531563794604810
0.4522012379264306
0.4512456609506316
0.4502896528614951
0.4493332179444064
0.4483763604421530
0.4474190845553478
0.4464613944428487
0.4455032942221732
0.4445447879699095
0.4435858797221237
0.4426265734747618
0.4416668731840495
0.4407067827668861
0.4397463061012363
0.4387854470265163
0.4378242093439777
0.4368625968170867
0.4359006131718992
0.4349382620974335
0.4339755472460379
0.4330124722337554
0.4320490406406843
0.4310852560113361
0.4301211218549885
0.4291566416460363
0.4281918188243377
0.4272266567955579
0.4262611589315087
0.4252953285704852
0.4243291690175991
0.4233626835451081
0.4223958753927431
0.4214287477680307
0.4204613038466143
0.4194935467725703
0.4185254796587219
0.4175571055869504
0.4165884276085021
0.4156194487442932
0.4146501719852110
0.4136806002924127
0.4127107365976206
0.4117405838034151
0.4107701447835239
0.4097994223831093
0.4088284194190518
0.4078571386802313
0.4068855829278055
0.4059137548954853
0.4049416572898081
0.4039692927904073
0.4029966640502800
0.4020237736960519
0.4010506243282392
0.4000772185215085
0.3991035588249331
0.3981296477622482
0.3971554878321021
0.3961810815083061
0.3952064312400807
0.3942315394523010
0.3932564085457378
0.3922810408972978
0.3913054388602604
0.3903296047645128
0.3893535409167827
0.3883772496008679
0.3874007330778652
0.3864239935863948
0.3854470333428250
0.3844698545414923
0.3834924593549212
0.3825148499340406
0.3815370284083985
0.3805589968863748
0.3795807574553913
0.3786023121821204
0.3776236631126912
0.3766448122728937
0.3756657616683808
0.3746865132848689
0.3737070690883358
0.3727274310252168
0.3717476010225993
0.3707675809884147
0.3697873728116293
0.3688069783624323
0.3678263994924229
0.3668456380347946
0.3658646958045187
0.3648835745985253
0.3639022761958823
0.3629208023579734
0.3619391548286731
0.3609573353345220
0.3599753455848979
0.3589931872721873
0.3580108620719536
0.3570283716431049
0.3560457176280591
0.3550629016529082
0.3540799253275801
0.3530967902459999
0.3521134979862484
0.3511300501107200
0.3501464481662783
0.3491626936844109
0.3481787881813819
0.3471947331583831
0.3462105301016843
0.3452261804827813
0.3442416857585426
0.3432570473713555
0.3422722667492692
0.3412873453061377
0.3403022844417611
0.3393170855420249
0.3383317499790387
0.3373462791112729
0.3363606742836941
0.3353749368279000
0.3343890680622515
0.3334030692920048
0.3324169418094414
0.3314306868939971
0.3304443058123899
0.3294577998187463
0.3284711701547263
0.3274844180496475
0.3264975447206079
0.3255105513726070
0.3245234391986664
0.3235362093799486
0.3225488630858752
0.3215614014742433
0.3205738256913413
0.3195861368720629
0.3185983361400210
0.3176104246076593
0.3166224033763633
0.3156342735365709
0.3146460361678804
0.3136576923391588
0.3126692431086479
0.3116806895240707
0.3106920326227353
0.3097032734316388
0.3087144129675697
0.3077254522372090
0.3067363922372315
0.3057472339544045
0.3047579783656866
0.3037686264383250
0.3027791791299527
0.3017896373886829
0.3008000021532048
0.2998102743528766
0.2988204549078183
0.2978305447290039
0.2968405447183520
0.2958504557688156
0.2948602787644720
0.2938700145806100
0.2928796640838182
0.2918892281320708
0.2908987075748138
0.2899081032530491
0.2889174159994191
0.2879266466382892
0.2869357959858308
0.2859448648501020
0.2849538540311286
0.2839627643209842
0.2829715965038687
0.2819803513561869
0.2809890296466260
0.2799976321362321
0.2790061595784865
0.2780146127193804
0.2770229922974899
0.2760312990440493
0.2750395336830243
0.2740476969311842
0.2730557894981733
0.2720638120865820
0.2710717653920167
0.2700796501031690
0.2690874669018853
0.2680952164632339
0.2671028994555725
0.2661105165406156
0.2651180683734999
0.2641255556028497
0.2631329788708420
0.2621403388132703
0.2611476360596082
0.2601548712330722
0.2591620449506837
0.2581691578233308
0.2571762104558292
0.2561832034469825
0.2551901373896423
0.2541970128707667
0.2532038304714796
0.2522105907671282
0.2512172943273406
0.2502239417160827
0.2492305334917144
0.2482370702070454
0.2472435524093902
0.2462499806406230
0.2452563554372313
0.2442626773303702
0.2432689468459147
0.2422751645045126
0.2412813308216361
0.2402874463076337
0.2392935114677808
0.2382995268023302
0.2373054928065621
0.2363114099708335
0.2353172787806269
0.2343230997165993
0.2333288732546295
0.2323345998658663
0.2313402800167748
0.2303459141691835
0.2293515027803303
0.2283570463029077
0.2273625451851086
0.2263679998706707
0.2253734107989208
0.2243787784048185
0.2233841031189999
0.2223893853678207
0.2213946255733980
0.2203998241536535
0.2194049815223542
0.2184100980891544
0.2174151742596361
0.2164202104353500
0.2154252070138551
0.2144301643887584
0.2134350829497547
0.2124399630826649
0.2114448051694746
0.2104496095883727
0.2094543767137886
0.2084591069164297
0.2074638005633186
0.2064684580178296
0.2054730796397249
0.2044776657851905
0.2034822168068719
0.2024867330539092
0.2014912148719721
0.2004956626032939
0.1995000765867063
0.1985044571576728
0.1975088046483224
0.1965131193874824
0.1955174017007117
0.1945216519103330
0.1935258703354651
0.1925300572920545
0.1915342130929072
0.1905383380477197
0.1895424324631103
0.1885464966426492
0.1875505308868891
0.1865545354933952
0.1855585107567746
0.1845624569687062
0.1835663744179693
0.1825702633904727
0.1815741241692834
0.1805779570346544
0.1795817622640529
0.1785855401321882
0.1775892909110388
0.1765930148698795
0.1755967122753088
0.1746003833912748
0.1736040284791020
0.1726076477975173
0.1716112416026759
0.1706148101481864
0.1696183536851367
0.1686218724621189
0.1676253667252538
0.1666288367182158
0.1656322826822571
0.1646357048562319
0.1636391034766199
0.1626424787775504
0.1616458309908250
0.1606491603459416
0.1596524670701164
0.1586557513883074
0.1576590135232360
0.1566622536954101
0.1556654721231455
0.1546686690225880
0.1536718446077345
0.1526749990904553
0.1516781326805141
0.1506812455855899
0.1496843380112970
0.1486874101612060
0.1476904622368639
0.1466934944378143
0.1456965069616174
0.1446995000038692
0.1437024737582219
0.1427054284164025
0.1417083641682322
0.1407112812016453
0.1397141797027081
0.1387170598556371
0.1377199218428180
0.1367227658448233
0.1357255920404304
0.1347284006066401
0.1337311917186933
0.1327339655500891
0.1317367222726021
0.1307394620562992
0.1297421850695571
0.1287448914790784
0.1277475814499089
0.1267502551454537
0.1257529127274936
0.1247555543562013
0.1237581801901573
0.1227607903863659
0.1217633851002704
0.1207659644857694
0.1197685286952313
0.1187710778795101
0.1177736121879604
0.1167761317684518
0.1157786367673845
0.1147811273297032
0.1137836035989117
0.1127860657170875
0.1117885138248958
0.1107909480616034
0.1097933685650931
0.1087957754718766
0.1077981689171091
0.1068005490346020
0.1058029159568367
0.1048052698149779
0.1038076107388861
0.1028099388571312
0.1018122542970050
0.1008145571845340
0.09981684764449197
0.09881912580041244
0.09782139177460088
0.09682364568814707
0.09582588766093714
0.09482811781166549
0.09383033625784665
0.09283254311582709
0.09183473850079671
0.09083692252680038
0.08983909530674934
0.08884125695243252
0.08784340757452754
0.08684554728261192
0.08584767618517393
0.08484979438962345
0.08385190200230266
0.08285399912849668
0.08185608587244406
0.08085816233734719
0.07986022862538261
0.07886228483771120
0.07786433107448823
0.07686636743487346
0.07586839401704094
0.07487041091818884
0.07387241823454915
0.07287441606139733
0.07187640449306174
0.07087838362293307
0.06988035354347376
0.06888231434622705
0.06788426612182627
0.06688620896000382
0.06588814294960013
0.06489006817857255
0.06389198473400411
0.06289389270211217
0.06189579216825709
0.06089768321695074
0.05989956593186489
0.05890144039583962
0.05790330669089153
0.05690516489822196
0.05590701509822510
0.05490885737049599
0.05391069179383846
0.05291251844627304
0.05191433740504470
0.05091614874663056
0.04991795254674753
0.04891974888035991
0.04792153782168681
0.04692331944420958
0.04592509382067916
0.04492686102312331
0.04392862112285381
0.04293037419047361
0.04193212029588381
0.04093385950829072
0.03993559189621267
0.03893731752748693
0.03793903646927643
0.03694074878807650
0.03594245454972148
0.03494415381939130
0.03394584666161796
0.03294753314029204
0.03194921331866900
0.03095088725937554
0.02995255502441580
0.02895421667517763
0.02795587227243863
0.02695752187637226
0.02595916554655386
0.02496080334196656
0.02396243532100718
0.02296406154149205
0.02196568206066282
0.02096729693519210
0.01996890622118920
0.01897050997420567
0.01797210824924084
0.01697370110074738
0.01597528858263665
0.01497687074828413
0.01397844765053472
0.01298001934170804
0.01198158587360363
0.01098314729750613
0.009984703664190415
0.008986255023926616
0.007987801426485178
0.006989342921141814
0.005990879556682421
0.004992411381407952
0.003993938443139233
0.002995460789221741
0.001996978466530325
0.0009984915214738838

