simulation_number_3
0.008941319949272608
0.01778383081966650
0.02652851480065699
0.03517634431848504
0.04372828213320723
0.05218528143477930
0.06054828593818662
0.06881822997762721
0.07699603859975990
0.08508262765602448
0.09307890389404549
0.1009857650481256
0.1088040999288418
0.1165347885117481
0.1241787020252000
0.1317367030373021
0.1392096455419952
0.1465983750442842
0.1539037286446218
0.1611265351224510
0.1682676150189193
0.1753277807187685
0.1823078365314126
0.1892085787712082
0.1960307958369275
0.2027752682904422
0.2094427689346233
0.2160340628904688
0.2225499076734624
0.2289910532691759
0.2353582422081174
0.2416522096398372
0.2478736834062965
0.2540233841145068
0.2601020252084471
0.2661103130402671
0.2720489469407810
0.2779186192892623
0.2837200155825434
0.2894538145034298
0.2951206879884319
0.3007213012948273
0.3062563130670518
0.3117263754024345
0.3171321339162775
0.3224742278062882
0.3277532899163734
0.3329699467997967
0.3381248187817096
0.3432185200210605
0.3482516585718888
0.3532248364440090
0.3581386496630925
0.3629936883301508
0.3677905366804292
0.3725297731417130
0.3772119703920566
0.3818376954169360
0.3864075095658362
0.3909219686082727
0.3953816227892597
0.3997870168842234
0.4041386902533729
0.4084371768955278
0.4126830055014125
0.4168766995064195
0.4210187771428496
0.4251097514916317
0.4291501305335287
0.4331404171998346
0.4370811094225682
0.4409727001841666
0.4448156775666850
0.4486105248005096
0.4523577203125824
0.4560577377741503
0.4597110461480372
0.4633181097354475
0.4668793882223033
0.4703953367251226
0.4738664058364390
0.4772930416697728
0.4806756859041523
0.4840147758281955
0.4873107443837498
0.4905640202091024
0.4937750276817572
0.4969441869607889
0.5000719140287753
0.5031586207333124
0.5062047148281181
0.5092106000137256
0.5121766759777737
0.5151033384348959
0.5179909791662132
0.5208399860584338
0.5236507431425661
0.5264236306322437
0.5291590249616722
0.5318572988231971
0.5345188212044999
0.5371439574254221
0.5397330691744260
0.5422865145446902
0.5448046480698494
0.5472878207593750
0.5497363801336087
0.5521506702584433
0.5545310317796627
0.5568778019569369
0.5591913146974825
0.5614719005893860
0.5637198869345975
0.5659355977815952
0.5681193539577263
0.5702714731012258
0.5723922696929169
0.5744820550875971
0.5765411375451108
0.5785698222611153
0.5805684113975386
0.5825372041127358
0.5844764965913454
0.5863865820738496
0.5882677508858386
0.5901202904669867
0.5919444853997384
0.5937406174377106
0.5955089655338111
0.5972498058680793
0.5989634118752487
0.6006500542720365
0.6023100010841609
0.6039435176730901
0.6055508667625270
0.6071323084646283
0.6086881003059639
0.6102184972532185
0.6117237517386382
0.6132041136852230
0.6146598305316687
0.6160911472570627
0.6174983064053331
0.6188815481094541
0.6202411101154118
0.6215772278059322
0.6228901342239717
0.6241800600959755
0.6254472338549050
0.6266918816630339
0.6279142274345215
0.6291144928577583
0.6302928974174911
0.6314496584167277
0.6325849909984245
0.6336991081669572
0.6347922208093795
0.6358645377164697
0.6369162656035683
0.6379476091312080
0.6389587709255395
0.6399499515985542
0.6409213497681047
0.6418731620777270
0.6428055832162667
0.6437188059373085
0.6446130210784132
0.6454884175801640
0.6463451825050218
0.6471835010559963
0.6480035565951272
0.6488055306617856
0.6495896029907909
0.6503559515303491
0.6511047524598117
0.6518361802072592
0.6525504074669086
0.6532476052163493
0.6539279427336057
0.6545915876140322
0.6552387057870396
0.6558694615326541
0.6564840174979135
0.6570825347130989
0.6576651726078062
0.6582320890268575
0.6587834402460533
0.6593193809877699
0.6598400644364004
0.6603456422536431
0.6608362645936369
0.6613120801179471
0.6617732360104025
0.6622198779917836
0.6626521503343669
0.6630701958763217
0.6634741560359674
0.6638641708258857
0.6642403788668954
0.6646029174018850
0.6649519223095124
0.6652875281177628
0.6656098680173768
0.6659190738751424
0.6662152762470552
0.6664986043913481
0.6667691862813918
0.6670271486184665
0.6672726168444063
0.6675057151541193
0.6677265665079817
0.6679352926441102
0.6681320140905104
0.6683168501771068
0.6684899190476512
0.6686513376715143
0.6688012218553586
0.6689396862546971
0.6690668443853347
0.6691828086346985
0.6692876902730528
0.6693815994646058
0.6694646452785025
0.6695369356997108
0.6695985776397980
0.6696496769476010
0.6696903384197904
0.6697206658113287
0.6697407618458258
0.6697507282257898
0.6697506656427791
0.6697406737874492
0.6697208513595035
0.6696912960775431
0.6696521046888191
0.6696033729788884
0.6695451957811732
0.6694776669864250
0.6694008795520957
0.6693149255116142
0.6692198959835721
0.6691158811808168
0.6690029704194552
0.6688812521277675
0.6687508138550327
0.6686117422802651
0.6684641232208667
0.6683080416411901
0.6681435816610189
0.6679708265639634
0.6677898588057715
0.6676007600225580
0.6674036110389526
0.6671984918761658
0.6669854817599752
0.6667646591286323
0.6665361016406908
0.6662998861827568
0.6660560888771629
0.6658047850895641
0.6655460494364602
0.6652799557926427
0.6650065772985670
0.6647259863676523
0.6644382546935085
0.6641434532570912
0.6638416523337859
0.6635329215004213
0.6632173296422129
0.6628949449596389
0.6625658349752456
0.6622300665403861
0.6618877058418932
0.6615388184086844
0.6611834691183014
0.6608217222033854
0.6604536412580874
0.6600792892444148
0.6596987284985160
0.6593120207368999
0.6589192270625969
0.6585204079712567
0.6581156233571849
0.6577049325193214
0.6572883941671588
0.6568660664266006
0.6564380068457628
0.6560042724007176
0.6555649195011792
0.6551200039961336
0.6546695811794127
0.6542137057952120
0.6537524320435553
0.6532858135857028
0.6528139035495070
0.6523367545347147
0.6518544186182175
0.6513669473592473
0.6508743918045240
0.6503768024933483
0.6498742294626467
0.6493667222519648
0.6488543299084114
0.6483371009915534
0.6478150835782627
0.6472883252675133
0.6467568731851325
0.6462207739885039
0.6456800738712241
0.6451348185677119
0.6445850533577742
0.6440308230711236
0.6434721720918530
0.6429091443628658
0.6423417833902600
0.6417701322476717
0.6411942335805728
0.6406141296105272
0.6400298621394054
0.6394414725535557
0.6388490018279340
0.6382524905301951
0.6376519788247387
0.6370475064767205
0.6364391128560188
0.6358268369411648
0.6352107173232324
0.6345907922096896
0.6339670994282113
0.6333396764304551
0.6327085602957990
0.6320737877350417
0.6314353950940661
0.6307934183574673
0.6301478931521435
0.6294988547508518
0.6288463380757285
0.6281903777017738
0.6275310078603032
0.6268682624423639
0.6262021750021156
0.6255327787601814
0.6248601066069620
0.6241841911059183
0.6235050644968216
0.6228227586989709
0.6221373053143785
0.6214487356309242
0.6207570806254772
0.6200623709669887
0.6193646370195518
0.6186639088454321
0.6179602162080677
0.6172535885750406
0.6165440551210166
0.6158316447306569
0.6151163860015018
0.6143983072468238
0.6136774364984536
0.6129538015095785
0.6122274297575103
0.6114983484464298
0.6107665845101004
0.6100321646145559
0.6092951151607631
0.6085554622872558
0.6078132318727433
0.6070684495386938
0.6063211406518904
0.6055713303269640
0.6048190434288990
0.6040643045755147
0.6033071381399229
0.6025475682529596
0.6017856188055941
0.6010213134513123
0.6002546756084783
0.5994857284626713
0.5987144949689991
0.5979409978543895
0.5971652596198587
0.5963873025427561
0.5956071486789886
0.5948248198652208
0.5940403377210554
0.5932537236511900
0.5924649988475532
0.5916741842914208
0.5908813007555085
0.5900863688060451
0.5892894088048264
0.5884904409112454
0.5876894850843056
0.5868865610846127
0.5860816884763458
0.5852748866292115
0.5844661747203758
0.5836555717363784
0.5828430964750274
0.5820287675472758
0.5812126033790788
0.5803946222132316
0.5795748421111919
0.5787532809548814
0.5779299564484701
0.5771048861201442
0.5762780873238544
0.5754495772410489
0.5746193728823874
0.5737874910894383
0.5729539485363611
0.5721187617315692
0.5712819470193774
0.5704435205816345
0.5696034984393361
0.5687618964542255
0.5679187303303759
0.5670740156157569
0.5662277677037878
0.5653800018348729
0.5645307330979225
0.5636799764318589
0.5628277466271076
0.5619740583270735
0.5611189260296011
0.5602623640884233
0.5594043867145925
0.5585450079778991
0.5576842418082764
0.5568221019971900
0.5559586021990145
0.5550937559323968
0.5542275765816037
0.5533600773978596
0.5524912715006680
0.5516211718791202
0.5507497913931932
0.5498771427750317
0.5490032386302197
0.5481280914390384
0.5472517135577109
0.5463741172196364
0.5454953145366110
0.5446153175000359
0.5437341379821145
0.5428517877370372
0.5419682784021549
0.5410836214991392
0.5401978284351340
0.5393109105038926
0.5384228788869050
0.5375337446545150
0.5366435187670230
0.5357522120757819
0.5348598353242791
0.5339663991492078
0.5330719140815308
0.5321763905475294
0.5312798388698451
0.5303822692685096
0.5294836918619644
0.5285841166680710
0.5276835536051109
0.5267820124927745
0.5258795030531421
0.5249760349116543
0.5240716175980716
0.5231662605474261
0.5222599731009632
0.5213527645070739
0.5204446439222172
0.5195356204118348
0.5186257029512554
0.5177149004265901
0.5168032216356200
0.5158906752886735
0.5149772700094962
0.5140630143361115
0.5131479167216716
0.5122319855353028
0.5113152290629401
0.5103976555081534
0.5094792729929675
0.5085600895586713
0.5076401131666216
0.5067193516990375
0.5057978129597854
0.5048755046751603
0.5039524344946554
0.5030286099917256
0.5021040386645435
0.5011787279367481
0.5002526851581856
0.4993259176056419
0.4983984324835702
0.4974702369248097
0.4965413379912965
0.4956117426747698
0.4946814578974683
0.4937504905128224
0.4928188473061372
0.4918865349952700
0.4909535602313008
0.4900199295991957
0.4890856496184652
0.4881507267438133
0.4872151673657829
0.4862789778113927
0.4853421643447698
0.4844047331677734
0.4834666904206151
0.4825280421824708
0.4815887944720876
0.4806489532483849
0.4797085244110487
0.4787675138011204
0.4778259272015798
0.4768837703379227
0.4759410488787313
0.4749977684362409
0.4740539345668993
0.4731095527719224
0.4721646284978417
0.4712191671370491
0.4702731740283345
0.4693266544574188
0.4683796136574811
0.4674320568096821
0.4664839890436793
0.4655354154381408
0.4645863410212505
0.4636367707712117
0.4626867096167423
0.4617361624375677
0.4607851340649076
0.4598336292819576
0.4588816528243674
0.4579292093807128
0.4569763035929642
0.4560229400569490
0.4550691233228115
0.4541148578954657
0.4531601482350457
0.4522049987573507
0.4512494138342858
0.4502933977942979
0.4493369549228079
0.4483800894626388
0.4474228056144384
0.4464651075370988
0.4455069993481722
0.4445484851242807
0.4435895689015237
0.4426302546758806
0.4416705464036099
0.4407104480016436
0.4397499633479784
0.4387890962820629
0.4378278506051799
0.4368662300808269
0.4359042384350910
0.4349418793570211
0.4339791564989958
0.4330160734770883
0.4320526338714267
0.4310888412265517
0.4301246990517703
0.4291602108215065
0.4281953799756469
0.4272302099198849
0.4262647040260605
0.4252988656324967
0.4243326980443322
0.4233662045338524
0.4223993883408149
0.4214322526727730
0.4204648007053966
0.4194970355827881
0.4185289604177967
0.4175605782923293
0.4165918922576577
0.4156229053347230
0.4146536205144374
0.4136840407579828
0.4127141689971060
0.4117440081344113
0.4107735610436506
0.4098028305700097
0.4088318195303925
0.4078605307137020
0.4068889668811192
0.4059171307663776
0.4049450250760370
0.4039726524897531
0.4030000156605452
0.4020271172150605
0.4010539597538374
0.4000805458515634
0.3991068780573331
0.3981329588949029
0.3971587908629417
0.3961843764352812
0.3952097180611626
0.3942348181654812
0.3932596791490276
0.3922843033887281
0.3913086932378819
0.3903328510263959
0.3893567790610163
0.3883804796255605
0.3874039549811437
0.3864272073664050
0.3854502389977305
0.3844730520694758
0.3834956487541830
0.3825180312027988
0.3815402015448892
0.3805621618888514
0.3795839143221246
0.3786054609113987
0.3776268037028194
0.3766479447221937
0.3756688859751913
0.3746896294475451
0.3737101771052491
0.3727305308947549
0.3717506927431660
0.3707706645584296
0.3697904482295274
0.3688100456266646
0.3678294586014557
0.3668486889871093
0.3658677385986120
0.3648866092329088
0.3639053026690822
0.3629238206685302
0.3619421649751428
0.3609603373154743
0.3599783393989168
0.3589961729178709
0.3580138395479141
0.3570313409479678
0.3560486787604643
0.3550658546115085
0.3540828701110418
0.3530997268530028
0.3521164264154854
0.3511329703608966
0.3501493602361133
0.3491655975726357
0.3481816838867404
0.3471976206796317
0.3462134094375919
0.3452290516321289
0.3442445487201235
0.3432599021439749
0.3422751133317441
0.3412901836972970
0.3403051146404449
0.3393199075470856
0.3383345637893397
0.3373490847256887
0.3363634717011109
0.3353777260472146
0.3343918490823716
0.3334058421118495
0.3324197064279401
0.3314334433100900
0.3304470540250279
0.3294605398268904
0.3284739019573480
0.3274871416457286
0.3265002601091402
0.3255132585525923
0.3245261381691164
0.3235389001398848
0.3225515456343291
0.3215640758102557
0.3205764918139627
0.3195887947803533
0.3186009858330495
0.3176130660845042
0.3166250366361127
0.3156368985783213
0.3146486529907375
0.3136603009422371
0.3126718434910710
0.3116832816849703
0.3106946165612525
0.3097058491469228
0.3087169804587781
0.3077280115035081
0.3067389432777957
0.3057497767684162
0.3047605129523366
0.3037711527968123
0.3027816972594838
0.3017921472884725
0.3008025038224754
0.2998127677908584
0.2988229401137490
0.2978330217021291
0.2968430134579245
0.2958529162740958
0.2948627310347272
0.2938724586151155
0.2928820998818562
0.2918916556929304
0.2909011268977914
0.2899105143374481
0.2889198188445495
0.2879290412434685
0.2869381823503828
0.2859472429733573
0.2849562239124247
0.2839651259596649
0.2829739498992843
0.2819826965076943
0.2809913665535885
0.2799999607980194
0.2790084799944741
0.2780169248889506
0.2770252962200309
0.2760335947189553
0.2750418211096957
0.2740499761090273
0.2730580604266001
0.2720660747650104
0.2710740198198707
0.2700818962798782
0.2690897048268847
0.2680974461359643
0.2671051208754804
0.2661127297071526
0.2651202732861234
0.2641277522610226
0.2631351672740322
0.2621425189609514
0.2611498079512586
0.2601570348681756
0.2591642003287289
0.2581713049438120
0.2571783493182452
0.2561853340508374
0.2551922597344449
0.2541991269560310
0.2532059362967241
0.2522126883318764
0.2512193836311207
0.2502260227584275
0.2492326062721613
0.2482391347251366
0.2472456086646724
0.2462520286326471
0.2452583951655531
0.2442647087945498
0.2432709700455162
0.2422771794391049
0.2412833374907922
0.2402894447109308
0.2392955016048005
0.2383015086726580
0.2373074664097877
0.2363133753065506
0.2353192358484335
0.2343250485160973
0.2333308137854246
0.2323365321275683
0.2313422040089973
0.2303478298915439
0.2293534102324499
0.2283589454844116
0.2273644360956255
0.2263698825098329
0.2253752851663645
0.2243806445001834
0.2233859609419293
0.2223912349179613
0.2213964668504004
0.2204016571571712
0.2194068062520446
0.2184119145446782
0.2174169824406574
0.2164220103415361
0.2154269986448767
0.2144319477442894
0.2134368580294723
0.2124417298862495
0.2114465636966099
0.2104513598387454
0.2094561186870885
0.2084608406123497
0.2074655259815547
0.2064701751580809
0.2054747885016933
0.2044793663685810
0.2034839091113924
0.2024884170792706
0.2014928906178879
0.2004973300694807
0.1995017357728835
0.1985061080635624
0.1975104472736491
0.1965147537319741
0.1955190277640987
0.1945232696923483
0.1935274798358443
0.1925316585105359
0.1915358060292316
0.1905399227016306
0.1895440088343538
0.1885480647309738
0.1875520906920458
0.1865560870151375
0.1855600539948584
0.1845639919228899
0.1835679010880138
0.1825717817761413
0.1815756342703413
0.1805794588508696
0.1795832557951957
0.1785870253780310
0.1775907678713561
0.1765944835444485
0.1755981726639086
0.1746018354936866
0.1736054722951096
0.1726090833269064
0.1716126688452341
0.1706162291037037
0.1696197643534053
0.1686232748429325
0.1676267608184087
0.1666302225235103
0.1656336601994913
0.1646370740852079
0.1636404644171418
0.1626438314294242
0.1616471753538587
0.1606504964199451
0.1596537948549016
0.1586570708836877
0.1576603247290270
0.1566635566114293
0.1556667667492120
0.1546699553585226
0.1536731226533602
0.1526762688455965
0.1516793941449968
0.1506824987592423
0.1496855828939488
0.1486886467526884
0.1476916905370101
0.1466947144464591
0.1456977186785967
0.1447007034290214
0.1437036688913866
0.1427066152574207
0.1417095427169467
0.1407124514579004
0.1397153416663496
0.1387182135265125
0.1377210672207763
0.1367239029297148
0.1357267208321071
0.1347295211049552
0.1337323039235019
0.1327350694612474
0.1317378178899678
0.1307405493797315
0.1297432640989164
0.1287459622142265
0.1277486438907093
0.1267513092917710
0.1257539585791937
0.1247565919131516
0.1237592094522264
0.1227618113534235
0.1217643977721881
0.1207669688624196
0.1197695247764878
0.1187720656652479
0.1177745916780558
0.1167771029627824
0.1157795996658289
0.1147820819321414
0.1137845499052249
0.1127870037271578
0.1117894435386068
0.1107918694788398
0.1097942816857406
0.1087966802958222
0.1077990654442408
0.1068014372648090
0.1058037958900092
0.1048061414510072
0.1038084740776648
0.1028107938985526
0.1018131010409638
0.1008153956309258
0.09981767779321328
0.09881994765136108
0.09782220532767556
0.09682445094324750
0.09582668461796388
0.09482890647052035
0.09383111661843217
0.09283331517804688
0.09183550226455546
0.09083767799200361
0.08983984247330341
0.08884199582024482
0.08784413814350651
0.08684626955266679
0.08584839015621473
0.08485050006156132
0.08385259937504952
0.08285468820196508
0.08185676664654788
0.08085883481200094
0.07986089280050156
0.07886294071321164
0.07786497865028720
0.07686700671088861
0.07586902499319116
0.07487103359439362
0.07387303261072879
0.07287502213747281
0.07187700226895501
0.07087897309856668
0.06988093471877109
0.06888288722111240
0.06788483069622456
0.06688676523384060
0.06588869092280183
0.06489060785106640
0.06389251610571797
0.06289441577297450
0.06189630693819731
0.06089818968589884
0.05990006409975134
0.05890193026259601
0.05790378825644994
0.05690563816251501
0.05590748006118632
0.05490931403205944
0.05391114015393865
0.05291295850484556
0.05191476916202557
0.05091657220195642
0.04991836770035556
0.04892015573218813
0.04792193637167362
0.04692370969229413
0.04592547576680128
0.04492723466722334
0.04392898646487257
0.04293073123035261
0.04193246903356527
0.04093419994371730
0.03993592402932750
0.03893764135823392
0.03793935199759996
0.03694105601392125
0.03594275347303315
0.03494444444011589
0.03394612897970192
0.03294780715568255
0.03194947903131367
0.03095114466922225
0.02995280413141344
0.02895445747927533
0.02795610477358605
0.02695774607451945
0.02595938144165158
0.02496101093396583
0.02396263460985962
0.02296425252714989
0.02196586474307863
0.02096747131431884
0.01996907229698039
0.01897066774661539
0.01797225771822344
0.01697384226625786
0.01597542144463035
0.01497699530671683
0.01397856390536243
0.01298012729288764
0.01198168552109222
0.01098323864126111
0.009984786704169841
0.008986329760088846
0.007987867858788762
0.006989401049546155
0.005990929381147108
0.004992452901892974
0.003993971659604870
0.002995485701628884
0.001996995074840034
0.0009984998256477163

